GDC_Aliquot	Chromosome	Start	End	Copy_Number	Major_Copy_Number	Minor_Copy_Number
8c42f3fc-c5f2-4f24-a441-b9b234ec2881	chr1	13116	783006	3	2	1
8c42f3fc-c5f2-4f24-a441-b9b234ec2881	chr1	784860	75531704	2	1	1
8c42f3fc-c5f2-4f24-a441-b9b234ec2881	chr1	75533010	75844415	1	1	0
8c42f3fc-c5f2-4f24-a441-b9b234ec2881	chr1	75845606	119640283	2	1	1
8c42f3fc-c5f2-4f24-a441-b9b234ec2881	chr1	119641589	121742438	4	3	1
8c42f3fc-c5f2-4f24-a441-b9b234ec2881	chr1	143417573	144993964	3	2	1
8c42f3fc-c5f2-4f24-a441-b9b234ec2881	chr1	145000982	145078833	6	6	0
8c42f3fc-c5f2-4f24-a441-b9b234ec2881	chr1	145083756	145095623	7	7	0
8c42f3fc-c5f2-4f24-a441-b9b234ec2881	chr1	145102873	145251076	5	5	0
8c42f3fc-c5f2-4f24-a441-b9b234ec2881	chr1	145259138	145289853	3	3	0
8c42f3fc-c5f2-4f24-a441-b9b234ec2881	chr1	145291990	145810557	4	4	0
8c42f3fc-c5f2-4f24-a441-b9b234ec2881	chr1	145820623	145905481	4	3	1
8c42f3fc-c5f2-4f24-a441-b9b234ec2881	chr1	145916017	146032986	3	2	1
8c42f3fc-c5f2-4f24-a441-b9b234ec2881	chr1	146037049	248945703	4	3	1
8c42f3fc-c5f2-4f24-a441-b9b234ec2881	chr2	10587	52520616	3	2	1
8c42f3fc-c5f2-4f24-a441-b9b234ec2881	chr2	52521631	52553873	1	1	0
8c42f3fc-c5f2-4f24-a441-b9b234ec2881	chr2	52555215	54005854	3	2	1
8c42f3fc-c5f2-4f24-a441-b9b234ec2881	chr2	54007089	54160722	1	1	0
8c42f3fc-c5f2-4f24-a441-b9b234ec2881	chr2	54162181	77826713	3	2	1
8c42f3fc-c5f2-4f24-a441-b9b234ec2881	chr2	77828173	77933441	2	1	1
8c42f3fc-c5f2-4f24-a441-b9b234ec2881	chr2	77934767	242183243	3	2	1
8c42f3fc-c5f2-4f24-a441-b9b234ec2881	chr3	18519	84087328	3	2	1
8c42f3fc-c5f2-4f24-a441-b9b234ec2881	chr3	84089074	84914565	2	2	0
8c42f3fc-c5f2-4f24-a441-b9b234ec2881	chr3	84915825	172366815	3	2	1
8c42f3fc-c5f2-4f24-a441-b9b234ec2881	chr3	172368267	172768061	2	1	1
8c42f3fc-c5f2-4f24-a441-b9b234ec2881	chr3	172769223	174906201	3	2	1
8c42f3fc-c5f2-4f24-a441-b9b234ec2881	chr3	174908081	174947862	1	1	0
8c42f3fc-c5f2-4f24-a441-b9b234ec2881	chr3	174949656	175581165	3	2	1
8c42f3fc-c5f2-4f24-a441-b9b234ec2881	chr3	175582567	175791161	2	1	1
8c42f3fc-c5f2-4f24-a441-b9b234ec2881	chr3	175792306	198181744	3	2	1
8c42f3fc-c5f2-4f24-a441-b9b234ec2881	chr4	11961	190122722	3	2	1
8c42f3fc-c5f2-4f24-a441-b9b234ec2881	chr5	11882	112548180	3	2	1
8c42f3fc-c5f2-4f24-a441-b9b234ec2881	chr5	112549297	112974699	1	1	0
8c42f3fc-c5f2-4f24-a441-b9b234ec2881	chr5	112976831	164102016	3	2	1
8c42f3fc-c5f2-4f24-a441-b9b234ec2881	chr5	164103346	164367531	2	1	1
8c42f3fc-c5f2-4f24-a441-b9b234ec2881	chr5	164368977	181363900	3	2	1
8c42f3fc-c5f2-4f24-a441-b9b234ec2881	chr6	100116	32492016	3	2	1
8c42f3fc-c5f2-4f24-a441-b9b234ec2881	chr6	32493021	32531293	1	1	0
8c42f3fc-c5f2-4f24-a441-b9b234ec2881	chr6	32532306	170740469	3	2	1
8c42f3fc-c5f2-4f24-a441-b9b234ec2881	chr7	20608	4375052	3	2	1
8c42f3fc-c5f2-4f24-a441-b9b234ec2881	chr7	4376168	32438547	4	2	2
8c42f3fc-c5f2-4f24-a441-b9b234ec2881	chr7	32439775	32451984	3	2	1
8c42f3fc-c5f2-4f24-a441-b9b234ec2881	chr7	32453018	110346974	4	2	2
8c42f3fc-c5f2-4f24-a441-b9b234ec2881	chr7	110349004	110857117	3	2	1
8c42f3fc-c5f2-4f24-a441-b9b234ec2881	chr7	110859176	142462994	4	2	2
8c42f3fc-c5f2-4f24-a441-b9b234ec2881	chr7	142465281	142712527	5	3	2
8c42f3fc-c5f2-4f24-a441-b9b234ec2881	chr7	142713590	159334386	4	2	2
8c42f3fc-c5f2-4f24-a441-b9b234ec2881	chr8	61774	7680851	2	2	0
8c42f3fc-c5f2-4f24-a441-b9b234ec2881	chr8	7683069	7869045	0	0	0
8c42f3fc-c5f2-4f24-a441-b9b234ec2881	chr8	7872179	12113179	2	2	0
8c42f3fc-c5f2-4f24-a441-b9b234ec2881	chr8	12116564	12232083	0	0	0
8c42f3fc-c5f2-4f24-a441-b9b234ec2881	chr8	12233203	12318685	2	2	0
8c42f3fc-c5f2-4f24-a441-b9b234ec2881	chr8	12319798	12322157	0	0	0
8c42f3fc-c5f2-4f24-a441-b9b234ec2881	chr8	12323934	12479662	3	3	0
8c42f3fc-c5f2-4f24-a441-b9b234ec2881	chr8	12482022	12615112	1	1	0
8c42f3fc-c5f2-4f24-a441-b9b234ec2881	chr8	12616870	37658134	2	2	0
8c42f3fc-c5f2-4f24-a441-b9b234ec2881	chr8	37663489	39145234	6	6	0
8c42f3fc-c5f2-4f24-a441-b9b234ec2881	chr8	39146326	39374115	4	4	0
8c42f3fc-c5f2-4f24-a441-b9b234ec2881	chr8	39375220	39503789	8	8	0
8c42f3fc-c5f2-4f24-a441-b9b234ec2881	chr8	39504816	43963600	4	4	0
8c42f3fc-c5f2-4f24-a441-b9b234ec2881	chr8	43964920	90181731	6	6	0
8c42f3fc-c5f2-4f24-a441-b9b234ec2881	chr8	90183623	90190685	5	5	0
8c42f3fc-c5f2-4f24-a441-b9b234ec2881	chr8	90191919	99105893	6	6	0
8c42f3fc-c5f2-4f24-a441-b9b234ec2881	chr8	99106959	99238256	5	5	0
8c42f3fc-c5f2-4f24-a441-b9b234ec2881	chr8	99240392	143605551	6	6	0
8c42f3fc-c5f2-4f24-a441-b9b234ec2881	chr8	143606566	143641368	3	3	0
8c42f3fc-c5f2-4f24-a441-b9b234ec2881	chr8	143642560	145078402	5	5	0
8c42f3fc-c5f2-4f24-a441-b9b234ec2881	chr9	10469	40908266	4	2	2
8c42f3fc-c5f2-4f24-a441-b9b234ec2881	chr9	40916130	63861313	3	2	1
8c42f3fc-c5f2-4f24-a441-b9b234ec2881	chr9	63863651	123204188	4	2	2
8c42f3fc-c5f2-4f24-a441-b9b234ec2881	chr9	123206662	138256233	3	2	1
8c42f3fc-c5f2-4f24-a441-b9b234ec2881	chr10	15029	133787009	3	2	1
8c42f3fc-c5f2-4f24-a441-b9b234ec2881	chr11	87268	81047246	3	2	1
8c42f3fc-c5f2-4f24-a441-b9b234ec2881	chr11	81049030	81116284	2	2	0
8c42f3fc-c5f2-4f24-a441-b9b234ec2881	chr11	81117471	135076424	3	2	1
8c42f3fc-c5f2-4f24-a441-b9b234ec2881	chr12	11065	133264676	3	2	1
8c42f3fc-c5f2-4f24-a441-b9b234ec2881	chr13	18445955	18791133	5	3	2
8c42f3fc-c5f2-4f24-a441-b9b234ec2881	chr13	18792169	85899182	6	4	2
8c42f3fc-c5f2-4f24-a441-b9b234ec2881	chr13	85900932	89321620	4	2	2
8c42f3fc-c5f2-4f24-a441-b9b234ec2881	chr13	89323313	89873310	5	3	2
8c42f3fc-c5f2-4f24-a441-b9b234ec2881	chr13	89877086	114343123	6	4	2
8c42f3fc-c5f2-4f24-a441-b9b234ec2881	chr14	18223583	18656508	2	1	1
8c42f3fc-c5f2-4f24-a441-b9b234ec2881	chr14	18657888	21997778	3	2	1
8c42f3fc-c5f2-4f24-a441-b9b234ec2881	chr14	21998881	22494319	4	2	2
8c42f3fc-c5f2-4f24-a441-b9b234ec2881	chr14	22495324	106880670	3	2	1
8c42f3fc-c5f2-4f24-a441-b9b234ec2881	chr15	19795285	101980591	2	1	1
8c42f3fc-c5f2-4f24-a441-b9b234ec2881	chr16	10291	6595548	3	2	1
8c42f3fc-c5f2-4f24-a441-b9b234ec2881	chr16	6596733	6745627	2	1	1
8c42f3fc-c5f2-4f24-a441-b9b234ec2881	chr16	6746803	90226358	3	2	1
8c42f3fc-c5f2-4f24-a441-b9b234ec2881	chr17	151035	16750438	2	2	0
8c42f3fc-c5f2-4f24-a441-b9b234ec2881	chr17	16751489	16838385	3	2	1
8c42f3fc-c5f2-4f24-a441-b9b234ec2881	chr17	16840849	21402340	2	2	0
8c42f3fc-c5f2-4f24-a441-b9b234ec2881	chr17	21403508	21479347	1	1	0
8c42f3fc-c5f2-4f24-a441-b9b234ec2881	chr17	21481576	22745639	2	2	0
8c42f3fc-c5f2-4f24-a441-b9b234ec2881	chr17	22746694	65907001	4	2	2
8c42f3fc-c5f2-4f24-a441-b9b234ec2881	chr17	65908004	65919854	2	2	0
8c42f3fc-c5f2-4f24-a441-b9b234ec2881	chr17	65923061	83237603	4	2	2
8c42f3fc-c5f2-4f24-a441-b9b234ec2881	chr18	16444	22082178	2	1	1
8c42f3fc-c5f2-4f24-a441-b9b234ec2881	chr18	22083256	61338598	1	1	0
8c42f3fc-c5f2-4f24-a441-b9b234ec2881	chr18	61339637	61361397	0	0	0
8c42f3fc-c5f2-4f24-a441-b9b234ec2881	chr18	61363433	80259190	1	1	0
8c42f3fc-c5f2-4f24-a441-b9b234ec2881	chr19	157892	50583471	4	2	2
8c42f3fc-c5f2-4f24-a441-b9b234ec2881	chr19	50584763	57403995	3	2	1
8c42f3fc-c5f2-4f24-a441-b9b234ec2881	chr19	57405503	58607412	4	2	2
8c42f3fc-c5f2-4f24-a441-b9b234ec2881	chr20	80457	772232	6	6	0
8c42f3fc-c5f2-4f24-a441-b9b234ec2881	chr20	773273	1048906	5	5	0
8c42f3fc-c5f2-4f24-a441-b9b234ec2881	chr20	1050334	3211555	6	6	0
8c42f3fc-c5f2-4f24-a441-b9b234ec2881	chr20	3212760	3223304	8	8	0
8c42f3fc-c5f2-4f24-a441-b9b234ec2881	chr20	3224362	14721745	6	6	0
8c42f3fc-c5f2-4f24-a441-b9b234ec2881	chr20	14723321	14737264	4	4	0
8c42f3fc-c5f2-4f24-a441-b9b234ec2881	chr20	14738403	14795566	5	5	0
8c42f3fc-c5f2-4f24-a441-b9b234ec2881	chr20	14796626	14862715	4	4	0
8c42f3fc-c5f2-4f24-a441-b9b234ec2881	chr20	14864671	14916944	3	3	0
8c42f3fc-c5f2-4f24-a441-b9b234ec2881	chr20	14917957	14926951	4	4	0
8c42f3fc-c5f2-4f24-a441-b9b234ec2881	chr20	14928095	14963533	2	2	0
8c42f3fc-c5f2-4f24-a441-b9b234ec2881	chr20	14964901	14969117	3	3	0
8c42f3fc-c5f2-4f24-a441-b9b234ec2881	chr20	14970413	14981454	5	4	1
8c42f3fc-c5f2-4f24-a441-b9b234ec2881	chr20	14983956	15106684	3	3	0
8c42f3fc-c5f2-4f24-a441-b9b234ec2881	chr20	15107939	15129035	5	5	0
8c42f3fc-c5f2-4f24-a441-b9b234ec2881	chr20	15130055	15155292	3	3	0
8c42f3fc-c5f2-4f24-a441-b9b234ec2881	chr20	15156471	15262413	4	4	0
8c42f3fc-c5f2-4f24-a441-b9b234ec2881	chr20	15263847	21862251	6	6	0
8c42f3fc-c5f2-4f24-a441-b9b234ec2881	chr20	21863992	44282682	8	6	2
8c42f3fc-c5f2-4f24-a441-b9b234ec2881	chr20	44284642	44293488	12	9	3
8c42f3fc-c5f2-4f24-a441-b9b234ec2881	chr20	44294659	59469771	8	6	2
8c42f3fc-c5f2-4f24-a441-b9b234ec2881	chr20	59471208	62211663	7	5	2
8c42f3fc-c5f2-4f24-a441-b9b234ec2881	chr20	62212811	62339136	8	6	2
8c42f3fc-c5f2-4f24-a441-b9b234ec2881	chr20	62340346	64331516	7	5	2
8c42f3fc-c5f2-4f24-a441-b9b234ec2881	chr21	7762688	9025711	3	2	1
8c42f3fc-c5f2-4f24-a441-b9b234ec2881	chr21	9027415	9122003	0	0	0
8c42f3fc-c5f2-4f24-a441-b9b234ec2881	chr21	9124768	13038540	3	2	1
8c42f3fc-c5f2-4f24-a441-b9b234ec2881	chr21	13039567	32071267	2	2	0
8c42f3fc-c5f2-4f24-a441-b9b234ec2881	chr21	32072498	32123533	1	1	0
8c42f3fc-c5f2-4f24-a441-b9b234ec2881	chr21	32124559	44107410	2	2	0
8c42f3fc-c5f2-4f24-a441-b9b234ec2881	chr21	44109038	44155745	5	5	0
8c42f3fc-c5f2-4f24-a441-b9b234ec2881	chr21	44157218	46699722	2	2	0
8c42f3fc-c5f2-4f24-a441-b9b234ec2881	chr22	15284540	50802392	3	2	1
8c42f3fc-c5f2-4f24-a441-b9b234ec2881	chrX	2781514	4289152	2	2	0
8c42f3fc-c5f2-4f24-a441-b9b234ec2881	chrX	4290338	4300023	1	1	0
8c42f3fc-c5f2-4f24-a441-b9b234ec2881	chrX	4301881	20578336	2	2	0
8c42f3fc-c5f2-4f24-a441-b9b234ec2881	chrX	20579443	20837694	0	0	0
8c42f3fc-c5f2-4f24-a441-b9b234ec2881	chrX	20842461	104697595	2	2	0
8c42f3fc-c5f2-4f24-a441-b9b234ec2881	chrX	104698741	104720545	1	1	0
8c42f3fc-c5f2-4f24-a441-b9b234ec2881	chrX	104724294	125271391	2	2	0
8c42f3fc-c5f2-4f24-a441-b9b234ec2881	chrX	125272423	125280063	1	1	0
8c42f3fc-c5f2-4f24-a441-b9b234ec2881	chrX	125281436	142568841	2	2	0
8c42f3fc-c5f2-4f24-a441-b9b234ec2881	chrX	142569971	142632777	1	1	0
8c42f3fc-c5f2-4f24-a441-b9b234ec2881	chrX	142634726	155699751	2	2	0
8c42f3fc-c5f2-4f24-a441-b9b234ec2881	chrY	2789135	26463047	3	3	0
8c42f3fc-c5f2-4f24-a441-b9b234ec2881	chrY	26466176	26622951	2	2	0
